"STATION","DATE","LATITUDE","LONGITUDE","ELEVATION","NAME","CDSD","CDSD_ATTRIBUTES","CLDD","CLDD_ATTRIBUTES","DP01","DP01_ATTRIBUTES","DP10","DP10_ATTRIBUTES","DSND","DSND_ATTRIBUTES","DSNW","DSNW_ATTRIBUTES","DT00","DT00_ATTRIBUTES","DT32","DT32_ATTRIBUTES","DX32","DX32_ATTRIBUTES","DX70","DX70_ATTRIBUTES","DX90","DX90_ATTRIBUTES","EMNT","EMNT_ATTRIBUTES","EMSD","EMSD_ATTRIBUTES","EMSN","EMSN_ATTRIBUTES","EMXP","EMXP_ATTRIBUTES","EMXT","EMXT_ATTRIBUTES","FZF0","FZF0_ATTRIBUTES","FZF1","FZF1_ATTRIBUTES","FZF2","FZF2_ATTRIBUTES","FZF3","FZF3_ATTRIBUTES","FZF4","FZF4_ATTRIBUTES","FZF5","FZF5_ATTRIBUTES","FZF6","FZF6_ATTRIBUTES","FZF7","FZF7_ATTRIBUTES","FZF8","FZF8_ATTRIBUTES","FZF9","FZF9_ATTRIBUTES","HDSD","HDSD_ATTRIBUTES","HTDD","HTDD_ATTRIBUTES","PRCP","PRCP_ATTRIBUTES","SNOW","SNOW_ATTRIBUTES","TAVG","TAVG_ATTRIBUTES","TMAX","TMAX_ATTRIBUTES","TMIN","TMIN_ATTRIBUTES"
"USC00349404","1939","36.5758","-98.8797","459.6","WAYNOKA, OK US","1192.9","","1192.9","6","51","6","35","6","","","","","0","6","119","6","10","6","214","6","111","6","-16.7","6,0221,","","","","","46.0",",6,0405,","43.3","6,0721,","-1.7","6,1028","-7.2","6,1102","-7.2","6,1102","-7.2","6,1102","-10.6","6,1103","0.0","6,0420","-2.2","6,0408","-5.0","6,0318","-7.8","6,0316","-9.4","6,0303","2193.4","","2193.4","6","508.5",",6","","","15.39","6","23.59","6","7.19","6"
"USC00349404","1940","36.5758","-98.8797","459.6","WAYNOKA, OK US","1027.5","","1027.5","6","85","6","42","6","","","","","5","6","113","6","27","6","208","6","85","6","-22.2","6,0108,","","","","","52.1",",6,0817,","41.7","6,0803,+","0.0","6,1105","-2.2","6,1107","-5.6","6,1110","-7.8","6,1111","-13.3","6,1112","-6.7","6,0412","-6.7","6,0412","-6.7","6,0412","-6.7","6,0412","-11.1","6,0128","2528.6","","2528.6","6","569.2",",6","","","14.10","6","21.28","6","6.91","6"
"USC00349404","1941","36.5758","-98.8797","459.6","WAYNOKA, OK US","981.2","","981.2","6","114","6","63","6","","","7","6","0","6","108","6","10","6","190","6","75","6","-11.1","6,1231,","","","152",",6,0305,","76.5",",6,1023,","42.2","6,0718,","-0.6","6,1028","-3.9","6,1106","-4.4","6,1121","-7.2","6,1123","-9.4","6,1228","-0.6","6,0405","-2.2","6,0318","-7.8","6,0317","-7.8","6,0317","","","2298.0","","2298.0","6","917.1",",6","584",",6","14.70","6","21.12","6","8.28","6"
"USC00349404","1942","36.5758","-98.8797","459.6","WAYNOKA, OK US","1007.4","","1007.4","6","97","6","45","6","","","","","7","6","117","6","17","6","203","6","82","6","-24.4","6,0105,","","","","","32.5",",6,0418,","41.1","6,0802,","-2.2","6,1025","-2.2","6,1025","-5.6","6,1123","-6.7","6,1128","-10.0","6,1129","0.0","6,0410","-5.6","6,0331","-5.6","6,0331","-12.2","6,0227","-12.2","6,0227","2286.7","","2286.7","6","555.7",",6","","","14.23","6","21.61","6","6.85","6"
"USC00349404","1943","36.5758","-98.8797","459.6","WAYNOKA, OK US","1112.5","","1112.5","6","54","6","28","6","","","","","5","6","129","6","10","6","203","6","89","6","-26.1","6,0119,","","","","","52.1",",6,0518,","43.3","6,0823,+","0.0","6,1015","-2.2","6,1016","-5.0","6,1027","-15.0","6,1214","-15.0","6,1214","-1.1","6,0420","-7.2","6,0322","-7.2","6,0322","-7.2","6,0322","-8.9","6,0316","2457.8","","2457.8","6","423.8",",6","","","14.48","6","22.38","6","6.57","6"
"USC00349404","1944","36.5758","-98.8797","459.6","WAYNOKA, OK US","1060.0","","1060.0","6","72","6","45","6","","","","","0","6","104","6","9","6","195","6","78","6","-15.0","6,0108,","","","","","102.4",",6,1002,","41.1","6,0813,","-1.1","6,1116","-3.3","6,1121","-5.0","6,1126","-6.7","6,1129","-8.9","6,1130","0.0","6,0506","-3.3","6,0330","-7.8","6,0329","-7.8","6,0329","-9.4","6,0218","2502.1","","2502.1","6","885.9",",6","","","14.77","6","21.47","6","8.07","6"
"USC00349404","1945","36.5758","-98.8797","459.6","WAYNOKA, OK US","946.5","","946.5","6","68","6","34","6","","","","","0","6","107","6","9","6","196","6","83","6","-16.1","6,0228,","","","","","66.0",",6,0927,","40.6","6,0818,+","-2.8","6,1022","-2.8","6,1022","-6.7","6,1122","-6.7","6,1122","-8.9","6,1209","-3.3","6,0405","-3.3","6,0405","-5.0","6,0404","-6.7","6,0307","-16.1","6,0228","2298.6","","2298.6","6","539.9",",6","","","14.39","6","21.67","6","7.11","6"
"USC00349404","1946","36.5758","-98.8797","459.6","WAYNOKA, OK US","","","","","68","6","35","6","","","","","","","","","","","","","","","","","","","","","68.3",",6,1006,","","","","","","","","","","","","","","","","","","","","","","","","","","","605.0",",6","","","","","","","",""
"USC00349404","1947","36.5758","-98.8797","459.6","WAYNOKA, OK US","1156.4","","1156.4","6","","","","","","","","","0","6","113","6","4","6","197","6","98","6","-16.1","6,0103,","","","","","","","43.9","6,0903,","-2.8","6,1104","-2.8","6,1104","-4.4","6,1106","-10.0","6,1110","-10.0","6,1110","0.0","6,0414","-5.6","6,0315","-5.6","6,0315","-13.9","6,0302","-13.9","6,0302","2137.6","","2137.6","6","","","","","14.94","6","22.54","6","7.34","6"
"USC00349404","1948","36.5758","-98.8797","459.6","WAYNOKA, OK US","1052.5","","1052.5","0","65","0","42","0","8","","8","0","0","0","120","0","25","0","218","0","94","0","-17.2","0,0208,","127",",0,0304,","102",",0,0304,+","50.8",",0,0226,","42.2","0,0617,","-1.1","0,1010","-2.8","0,1016","-4.4","0,1121","-8.9","0,1128","-8.9","0,1128","-2.2","0,0401","-2.2","0,0401","-5.0","0,0331","-15.0","0,0312","-15.0","0,0312","2373.7","","2373.7","0","632.8",",0","552",",0","14.12","0","21.50","0","6.74","0"
"USC00349404","1949","36.5758","-98.8797","459.6","WAYNOKA, OK US","","","","","61","0","54","0","","","8","0","","","","","19","0","210","0","78","0","","","","","76",",0,0228,","34.8",",0,0608,","40.6","0,0813,+","","","","","","","","","","","","","","","","","","","","","2538.2","","2538.2","0","656.5",",0","427",",0","","","21.49","0","",""
"USC00349404","1950","36.5758","-98.8797","459.6","WAYNOKA, OK US","","","","","64","0","47","0","0","","0","0","2","0","119","0","","","","","","","-19.4","0,1207,","0","T,0,0125,","0","T,0,1206,+","55.9",",0,0725,","","","-6.1","0,1104","-6.1","0,1104","-6.1","0,1104","-10.6","0,1110","-10.6","0,1110","0.0","0,0430","-3.3","0,0414","-7.8","0,0321","-7.8","0,0321","-8.9","0,0320","","","","","603.3",",0","0","T,0","","","","","6.51","0"
"USC00349404","1951","36.5758","-98.8797","459.6","WAYNOKA, OK US","1112.2","","1112.2","0","81","0","53","0","6","","5","0","3","0","114","0","9","0","214","0","85","0","-22.8","0,0202,+","76",",0,1208,+","71",",0,1208,","93.2",",0,0517,","45.6","0,0806,","-1.7","0,1101","-7.2","0,1102","-7.2","0,1102","-7.2","0,1102","-11.1","0,1106","-0.6","0,0413","-3.3","0,0403","-5.0","0,0330","-6.7","0,0321","-8.9","0,0319","2180.9","","2180.9","0","807.1",",0","262",",0","15.04","0","22.73","0","7.35","0"
"USC00349404","1952","36.5758","-98.8797","459.6","WAYNOKA, OK US","1343.0","","1343.0","0","50","0","35","0","","","5","0","0","0","109","0","7","0","229","0","126","0","-16.7","0,1225,","","","76",",0,0311,+","25.4",",0,0501,","44.4","0,0816,","-6.7","0,1007","-6.7","0,1007","-6.7","0,1007","-6.7","0,1007","-9.4","0,1120","-1.1","0,0414","-3.9","0,0410","-4.4","0,0405","-7.8","0,0324","-12.2","0,0304","2163.4","","2163.4","0","340.8",",0","370",",0","16.10","0","24.58","0","7.61","0"
"USC00349404","1954","36.5758","-98.8797","459.6","WAYNOKA, OK US","1473.9","","1473.9","0","41","0","26","0","0","","0","0","0","0","115","0","5","0","229","0","126","0","-16.1","0,1213,","0","T,0,0305,+","0","T,0,1216,+","50.8",",0,0615,","45.6","0,0715,","-1.1","0,1027","-4.4","0,1030","-4.4","0,1030","-8.9","0,1102","-8.9","0,1102","-1.1","0,0503","-6.1","0,0401","-6.1","0,0401","-8.3","0,0315","-11.7","0,0314","2060.8","","2060.8","0","327.2",",0","0","T,0","16.62","0","25.35","0","7.89","0"
"USC00349404","1955","36.5758","-98.8797","459.6","WAYNOKA, OK US","","","","","52","0","34","0","1","","1","0","","","","","","","","","","","","","25",",0,0118,","25",",0,0118,","112.3",",0,0519,","","","","","","","","","","","","","","","","","","","","","","","","","","","617.8",",0","25",",0","","","","","",""
"USC00349404","1956","36.5758","-98.8797","459.6","WAYNOKA, OK US","","","","","56","0","27","0","2","","1","0","0","0","104","0","","","","","","","-15.6","0,0130,","102",",0,0205,","109",",0,0205,","44.2",",0,0531,","","","0.0","0,1103","-2.8","0,1108","-7.8","0,1116","-7.8","0,1116","-11.1","0,1129","-1.1","0,0411","-3.3","0,0319","-5.0","0,0316","-7.8","0,0313","-10.6","0,0312","","","","","356.0",",0","151",",0","","","","","8.68","0"
"USC00349404","1957","36.5758","-98.8797","459.6","WAYNOKA, OK US","989.8","","989.8","0","102","0","67","0","6","","8","0","0","0","92","0","11","0","199","0","76","0","-15.0","0,0110,","51",",0,0223,+","51",",0,0324,+","91.2",",0,0516,","41.7","0,0728,","0.0","0,1025","-5.6","0,1026","-5.6","0,1026","-8.9","0,1123","-8.9","0,1123","-0.6","0,0414","-5.6","0,0413","-5.6","0,0413","-10.0","0,0223","-10.0","0,0223","2015.3","","2015.3","0","1209.1",",0","286",",0","15.01","0","21.67","0","8.35","0"
"USC00349404","1958","36.5758","-98.8797","459.6","WAYNOKA, OK US","1137.3","","1137.3","0","78","0","50","0","14","","11","0","0","0","105","0","10","0","210","0","93","0","-16.1","0,1214,+","178",",0,1231,","107",",0,1213,","48.8",",0,0916,","40.0","0,0611,+","0.0","0,1028","-2.2","0,1101","-5.6","0,1118","-9.4","0,1128","-9.4","0,1128","0.0","0,0407","-3.9","0,0319","-7.2","0,0318","-7.2","0,0318","-10.0","0,0217","2304.6","","2304.6","0","659.1",",0","737",",0","15.13","0","21.96","0","8.31","0"
"USC00349404","1959","36.5758","-98.8797","459.6","WAYNOKA, OK US","1109.4","","1109.4","0","71","0","43","0","8","","4","0","5","0","111","0","11","0","206","0","92","0","-23.9","0,0104,","178",",0,0203,+","165",",0,0201,","87.6",",0,0924,","40.6","0,0805,","-2.8","0,1027","-2.8","0,1027","-4.4","0,1105","-9.4","0,1106","-9.4","0,1106","0.0","0,0422","-2.2","0,0322","-4.4","0,0315","-6.7","0,0219","-13.3","0,0203","2243.5","","2243.5","0","815.9",",0","399",",0","15.05","0","22.06","0","8.04","0"
"USC00349404","1960","36.5758","-98.8797","459.6","WAYNOKA, OK US","1014.5","","1014.5","0","65","0","52","0","","","10","0","2","0","108","0","23","0","226","0","77","0","-20.0","0,0303,","","","140",",0,0223,","51.1",",0,0704,","40.0","0,0807,+","-1.7","0,1020","-2.2","0,1109","-7.8","0,1110","-7.8","0,1110","-10.0","0,1213","0.0","0,0325","-3.3","0,0323","-5.0","0,0317","-7.8","0,0306","-13.9","0,0305","2314.3","","2314.3","0","922.2",",0","735",",0","14.73","0","21.65","0","7.82","0"
"USC00349404","1961","36.5758","-98.8797","459.6","WAYNOKA, OK US","950.3","","950.3","0","69","0","46","0","9","","6","0","2","0","101","0","9","0","212","0","79","0","-19.4","0,1213,","254",",0,0207,","178",",0,0205,","73.4",",0,0505,","40.0","0,0810,","-0.6","0,1026","-4.4","0,1103","-4.4","0,1103","-9.4","0,1210","-9.4","0,1210","-1.1","0,0415","-2.2","0,0321","-5.0","0,0228","-6.7","0,0219","-9.4","0,0209","2082.4","","2082.4","0","702.0",",0","406",",0","14.83","0","22.40","0","7.26","0"
"USC00349404","1962","36.5758","-98.8797","459.6","WAYNOKA, OK US","1221.8","","1221.8","0","72","0","48","0","16","","8","0","3","0","93","0","15","0","220","0","100","0","-22.2","0,0111,","203",",0,0111,+","208",",0,0105,","80.8",",0,0606,","41.7","0,0810,","0.0","0,1104","-2.2","0,1105","-5.6","0,1206","-8.9","0,1211","-8.9","0,1211","0.0","0,0407","-5.0","0,0402","-5.0","0,0402","-9.4","0,0314","-9.4","0,0314","2236.2","","2236.2","0","697.2",",0","510",",0","15.99","0","23.47","0","8.51","0"
"USC00349404","1963","36.5758","-98.8797","459.6","WAYNOKA, OK US","1425.9","","1425.9","0","56","0","40","0","1","","1","0","4","0","96","0","15","0","240","0","118","0","-21.1","0,0112,","76",",0,1222,","64",",0,1222,","87.6",",0,0623,","42.2","0,0725,","-0.6","0,1101","-2.2","0,1113","-4.4","0,1114","-8.9","0,1209","-8.9","0,1209","-0.6","0,0321","-5.6","0,0314","-5.6","0,0314","-7.2","0,0225","-10.0","0,0221","1938.2","","1938.2","0","537.3",",0","80",",0","16.68","0","24.39","0","8.97","0"
"USC00349404","1964","36.5758","-98.8797","459.6","WAYNOKA, OK US","","","","","","","","","","","","","","","","","","","","","","","","","","","","","","","","","","","","","","","","","","","","","","","","","","","","","2014.1","","2014.1","","","","","","","","","","",""
"USC00349404","1965","36.5758","-98.8797","459.6","WAYNOKA, OK US","1138.1","","1138.1","0","63","0","37","0","5","","6","0","0","0","93","0","4","0","231","0","96","0","-15.0","0,0224,","51",",0,0124,","51",",0,0124,","62.0",",0,0820,","40.6","0,0713,","0.0","0,1117","-3.3","0,1127","-4.4","0,1215","-7.2","0,1217","","","-1.7","0,0428","-8.9","0,0326","-8.9","0,0326","-8.9","0,0326","-8.9","0,0326","","","","","653.7",",0","209",",0","16.23","0","23.64","0","8.82","0"
"USC00349404","1966","36.5758","-98.8797","459.6","WAYNOKA, OK US","1058.2","","1058.2","0","53","0","29","0","","","","","2","0","110","0","18","0","220","0","85","0","-18.9","0,0122,","","","","","49.5",",0,0810,","42.2","0,0718,","-1.1","0,1016","-8.9","0,1102","-8.9","0,1102","-8.9","0,1102","-8.9","0,1102","-1.1","0,0421","-2.2","0,0325","-6.1","0,0324","-7.8","0,0306","-10.6","0,0223","1921.5","","1921.5","0","388.8",",0","","","15.19","0","22.73","0","7.65","0"
"USC00349404","1967","36.5758","-98.8797","459.6","WAYNOKA, OK US","980.5","","980.5","0","58","0","44","0","0","","1","0","0","0","93","0","4","0","226","0","83","0","-16.1","0,0308,","0",",0,1231,+","51",",0,1221,","46.5",",0,0610,","41.1","0,0808,","-1.1","0,1101","-4.4","0,1103","-4.4","0,1103","-8.3","0,1203","-10.0","0,1222","-1.1","0,0319","-3.3","0,0318","-16.1","0,0308","-16.1","0,0308","-16.1","0,0308","1886.3","","1886.3","0","525.3",",0","51",",0","15.64","0","23.12","0","8.16","0"
"USC00349404","1968","36.5758","-98.8797","459.6","WAYNOKA, OK US","","","","","64","0","41","0","5","","4","0","","","","","7","0","211","0","84","0","","","51",",0,1227,+","76",",0,0223,","49.0",",0,0828,","41.7","0,0809,","","","","","","","","","","","","","","","","","","","","","","","","","571.2",",0","203",",0","","","22.01","0","",""
"USC00349404","1969","36.5758","-98.8797","459.6","WAYNOKA, OK US","1104.2","","1104.2","0","68","0","52","0","4","","5","0","0","0","102","0","6","0","205","0","85","0","-13.9","0,0124,","127",",0,0315,","127",",0,0315,","61.0",",0,0514,","42.8","0,0813,","-1.7","0,1014","-3.9","0,1104","-4.4","0,1120","-11.1","0,1128","-11.1","0,1128","-2.2","0,0330","-2.2","0,0330","-4.4","0,0326","-6.7","0,0316","-10.6","0,0311","2266.7","","2266.7","0","701.5",",0","394",",0","15.15","0","21.88","0","8.41","0"
"USC00349404","1970","36.5758","-98.8797","459.6","WAYNOKA, OK US","","","","","53","0","30","0","5","","7","0","","","","","8","0","206","0","103","0","","","102",",0,0404,+","114",",0,0404,+","73.9",",0,0418,","41.7","0,0808,+","","","","","","","","","","","","","","","","","","","","","2291.3","","2291.3","0","451.3",",0","507",",0","","","22.96","0","",""
"USC00349404","1971","36.5758","-98.8797","459.6","WAYNOKA, OK US","1108.7","","1108.7","0","57","0","47","0","","","3","0","0","0","107","0","9","0","220","0","93","0","-16.7","0,0208,+","","","432",",0,0222,","50.3",",0,0222,","41.7","0,0718,+","0.0","0,1103","-3.9","0,1106","-5.0","0,1206","-6.7","0,1231","","","-0.6","0,0513","-3.9","0,0406","-6.7","0,0320","-6.7","0,0320","-10.6","0,0303","","","","","670.9",",0","737",",0","15.47","0","22.90","0","8.04","0"
"USC00349404","1972","36.5758","-98.8797","459.6","WAYNOKA, OK US","1118.6","","1118.6","0","67","0","43","0","","","7","0","2","0","102","0","16","0","223","0","94","0","-22.2","0,0115,","","","76",",0,1121,+","50.5",",0,0512,","39.4","0,0726,","0.0","0,1019","-3.3","0,1119","-6.7","0,1122","-6.7","0,1122","-8.9","0,1205","-2.8","0,0404","-2.8","0,0404","-4.4","0,0401","-8.3","0,0302","-12.2","0,0207","1934.3","","1934.3","0","515.7",",0","462",",0","15.31","0","22.52","0","8.10","0"
"USC00349404","1973","36.5758","-98.8797","459.6","WAYNOKA, OK US","1028.7","","1028.7","0","77","0","52","0","","","","","3","0","87","0","11","0","201","0","81","0","-19.4","0,0112,","","","","","83.8",",0,1011,","41.1","0,0824,","-0.6","0,1029","-2.8","0,1120","-6.1","0,1206","-7.2","0,1210","-9.4","0,1219","-5.0","0,0410","-5.0","0,0410","-5.0","0,0410","-7.2","0,0210","-11.1","0,0129","2395.3","","2395.3","0","810.2",",0","","","15.16","0","21.94","0","8.37","0"
"USC00349404","1974","36.5758","-98.8797","459.6","WAYNOKA, OK US","970.7","","970.7","0","62","0","49","0","4","","3","0","2","0","90","0","9","0","220","0","80","0","-21.1","0,0104,","76",",0,1211,+","76",",0,1211,","88.1",",0,0902,","41.7","0,0721,","0.0","0,1112","-2.8","0,1114","-9.4","0,1130","-9.4","0,1130","-9.4","0,1130","-1.1","0,0405","-5.0","0,0325","-5.0","0,0325","-7.2","0,0323","-11.1","0,0321","1978.9","","1978.9","0","821.0",",0","139",",0","15.48","0","23.02","0","7.94","0"
"USC00349404","1975","36.5758","-98.8797","459.6","WAYNOKA, OK US","993.5","","993.5","0","57","0","38","0","","","","","0","0","103","0","6","0","222","0","86","0","-15.0","0,0217,","","","","","69.1",",0,1102,","39.4","0,0831,+","-3.3","0,1025","-3.3","0,1025","-6.7","0,1122","-6.7","0,1122","-12.8","0,1126","-0.6","0,0411","-3.9","0,0404","-6.7","0,0403","-6.7","0,0403","-9.4","0,0220","2289.7","","2289.7","0","527.5",",0","","","14.96","0","22.16","0","7.76","0"
"USC00349404","1976","36.5758","-98.8797","459.6","WAYNOKA, OK US","","","","","50","0","31","0","","","","","","","","","7","0","232","0","77","0","","","","","","","55.9",",0,0510,","41.7","0,0808,","","","","","","","","","","","","","","","","","","","","","","","","","473.2",",0","","","","","23.57","0","",""
"USC00349404","1977","36.5758","-98.8797","459.6","WAYNOKA, OK US","","","","","77","0","46","0","","","2","0","","","","","11","0","236","0","90","0","","","","","51",",0,0109,","90.7",",0,0521,","40.6","0,0724,","","","","","","","","","","","","","","","","","","","","","","","","","867.3",",0","76",",0","","","23.63","0","",""
"USC00349404","1978","36.5758","-98.8797","459.6","WAYNOKA, OK US","1345.0","","1345.0","0","82","0","40","0","26","","5","0","1","0","107","0","28","0","219","0","101","0","-19.4","0,0117,","152",",0,0215,+","71",",0,0215,+","64.0",",0,0526,","43.9","0,0718,","-2.2","0,1107","-2.2","0,1107","-10.0","0,1203","-10.0","0,1203","-10.0","0,1203","-0.6","0,0326","-2.8","0,0325","-8.9","0,0309","-8.9","0,0309","-8.9","0,0309","2366.3","","2366.3","0","583.5",",0","364",",0","15.14","0","22.23","0","8.05","0"
"USC00349404","1979","36.5758","-98.8797","459.6","WAYNOKA, OK US","1095.9","","1095.9","0","83","0","45","0","38","","7","0","6","0","109","0","21","0","212","0","97","0","-20.6","0,0114,+","152",",0,0114,","71",",0,0123,","59.7",",0,1030,","40.0","0,0701,","-0.6","0,1023","-2.2","0,1103","-7.2","0,1123","-7.2","0,1123","-9.4","0,1130","-1.1","0,0406","-2.8","0,0311","-4.4","0,0305","-14.4","0,0218","-14.4","0,0218","2499.1","","2499.1","0","773.2",",0","342",",0","14.59","0","21.87","0","7.31","0"
"USC00349404","1980","36.5758","-98.8797","459.6","WAYNOKA, OK US","","","","","75","0","44","0","9","","2","0","","","","","","","","","","","","","102",",0,0209,+","97",",0,0208,","50.8",",0,0426,","","","","","","","","","","","","","","","","","","","","","","","","","","","584.2",",0","215",",0","","","","","",""
"USC00349404","1981","36.5758","-98.8797","459.6","WAYNOKA, OK US","","","","","83","0","47","0","5","","2","0","1","0","93","0","","","","","","","-22.8","0,0211,","127",",0,0308,","114",",0,0308,","72.4",",0,1101,","","","-1.1","0,1023","-2.2","0,1026","-5.6","0,1110","-9.4","0,1217","-9.4","0,1217","-0.6","0,0401","-2.2","0,0323","-6.1","0,0309","-7.8","0,0213","-22.8","0,0211","","","","","864.0",",0","165",",0","","","","","8.71","0"
"USC00349404","1982","36.5758","-98.8797","459.6","WAYNOKA, OK US","","","","","66","0","43","0","12","","4","0","3","0","99","0","","","","","","","-22.2","0,0206,","381",",0,0203,","216",",0,0202,","63.8",",0,0517,","","","-0.6","0,1014","-2.2","0,1021","-6.7","0,1114","-6.7","0,1114","-11.7","0,1125","0.0","0,0422","-3.3","0,0308","-6.1","0,0307","-13.9","0,0306","-13.9","0,0306","2164.9","","2164.9","","595.6",",0","546",",0","","","","","7.84","0"
"USC00349404","1983","36.5758","-98.8797","459.6","WAYNOKA, OK US","1129.6","","1129.6","0","59","0","52","0","","","3","0","11","0","102","0","16","0","198","0","93","0","-21.7","0,1230,","","","102",",0,0119,","65.3",",0,0304,","42.8","0,0816,","0.0","0,0921","-2.2","0,1110","-4.4","0,1111","-7.2","0,1124","-8.9","0,1201","-4.4","0,0415","-4.4","0,0415","-4.4","0,0415","-6.7","0,0311","-13.9","0,0207","","","","","761.9",",0","217",",0","14.55","0","21.83","0","7.27","0"
"USC00349404","1985","36.5758","-98.8797","459.6","WAYNOKA, OK US","1013.4","","1013.4","0","52","0","44","0","","","1","0","1","0","113","0","19","0","194","0","80","0","-22.2","0,0206,","","","140",",0,0204,","85.1",",0,1010,","40.6","0,0712,+","-0.6","0,0930","-3.3","0,1107","-8.3","0,1120","-8.3","0,1120","-10.0","0,1130","-0.6","0,0401","-3.3","0,0331","-5.0","0,0305","-7.2","0,0215","-9.4","0,0211","2248.5","","2248.5","0","835.0",",0","140",",0","14.27","0","21.06","0","7.48","0"
"USC00349404","1986","36.5758","-98.8797","459.6","WAYNOKA, OK US","1041.5","","1041.5","0","49","0","39","0","","","2","0","1","0","95","0","7","0","214","0","78","0","-17.8","0,0212,","","","152",",0,0209,","51.3",",0,1104,","44.4","0,0729,+","-0.6","0,1013","-6.1","0,1110","-6.1","0,1110","-11.1","0,1111","-11.1","0,1111","-1.1","0,0416","-3.9","0,0321","-6.7","0,0308","-6.7","0,0308","-10.6","0,0213","2133.1","","2133.1","0","684.7",",0","254",",0","15.52","0","22.59","0","8.45","0"
"USC00349404","1987","36.5758","-98.8797","459.6","WAYNOKA, OK US","915.4","","915.4","0","59","0","46","0","","","2","0","2","0","94","0","12","0","199","0","64","0","-18.9","0,1216,+","","","254",",0,1214,","48.0",",0,0527,","38.9","0,0806,+","-1.1","0,1012","-6.1","0,1110","-6.1","0,1110","-8.3","0,1111","-13.9","0,1215","-1.1","0,0405","-2.2","0,0404","-6.1","0,0403","-8.3","0,0330","-9.4","0,0126","2239.9","","2239.9","0","860.0",",0","340",",0","14.65","0","21.52","0","7.78","0"
"USC00349404","1988","36.5758","-98.8797","459.6","WAYNOKA, OK US","992.9","","992.9","0","52","0","41","0","","","6","0","2","0","113","0","11","0","205","0","76","0","-25.6","0,0108,","","","330",",0,0317,","63.0",",0,0303,","41.7","0,0608,","-1.1","0,1028","-2.2","0,1108","-7.2","0,1120","-7.2","0,1120","-10.6","0,1121","0.0","0,0419","-3.3","0,0331","-9.4","0,0319","-9.4","0,0319","-9.4","0,0319","2467.5","","2467.5","0","482.8",",0","1181",",0","14.36","0","21.80","0","6.91","0"
"USC00349404","1989","36.5758","-98.8797","459.6","WAYNOKA, OK US","882.6","","882.6","0","66","0","48","0","0","","2","0","7","0","112","0","18","0","215","0","63","0","-25.6","0,1223,","0",",0,1231,+","140",",0,1208,","79.0",",0,0713,","38.3","0,0730,+","-1.1","0,0924","-3.3","0,1019","-5.0","0,1020","-7.8","0,1116","-10.0","0,1123","-6.7","0,0411","-6.7","0,0411","-6.7","0,0411","-6.7","0,0411","-10.0","0,0307","2260.0","","2260.0","0","742.8",",0","191",",0","14.01","0","21.33","0","6.68","0"
"USC00349404","1990","36.5758","-98.8797","459.6","WAYNOKA, OK US","1151.2","","1151.2","0","55","0","37","0","","","2","0","6","0","91","0","9","0","217","0","90","0","-22.2","0,1224,","","","102",",0,0228,","56.1",",0,0729,","40.6","0,0901,","-1.1","0,1010","-2.2","0,1022","-8.9","0,1129","-8.9","0,1129","-8.9","0,1129","-0.6","0,0412","-2.2","0,0326","-5.6","0,0324","-7.2","0,0301","-9.4","0,0129","2229.8","","2229.8","0","528.5",",0","191",",0","15.67","0","22.99","0","8.34","0"
"USC00349404","1991","36.5758","-98.8797","459.6","WAYNOKA, OK US","1104.3","","1104.3","0","56","0","46","0","2","","0","0","0","0","95","0","10","0","215","0","78","0","-13.3","0,0130,+","76",",0,0109,","0",",0,1231,+","45.5",",0,0503,+","41.7","0,0719,","-3.3","0,1029","-3.3","0,1029","-5.0","0,1030","-7.8","0,1102","-12.2","0,1103","-1.1","0,0410","-2.2","0,0318","-5.0","0,0314","-6.7","0,0309","-13.3","0,0130","2092.4","","2092.4","0","724.5",",0","0",",0","15.49","0","22.47","0","8.51","0"
"USC00349404","1992","36.5758","-98.8797","459.6","WAYNOKA, OK US","807.7","","807.7","0","75","0","50","0","","","5","0","0","0","86","0","4","0","216","0","54","0","-11.1","0,1231,","","","51",",0,1214,","47.8",",0,0516,","38.9","0,0701,","-1.1","0,1017","-2.2","0,1102","-7.2","0,1105","-7.2","0,1105","-9.4","0,1128","-3.9","0,0403","-3.9","0,0403","-6.1","0,0323","-7.8","0,0310","-10.0","0,0119","2039.2","","2039.2","0","740.1",",0","190",",0","14.88","0","21.91","0","7.86","0"
"USC00349404","1993","36.5758","-98.8797","459.6","WAYNOKA, OK US","960.6","","960.6","0","72","0","45","0","","","6","0","1","0","118","0","16","0","187","0","72","0","-18.9","0,0218,","","","114",",0,0215,","68.8",",0,0501,","40.6","0,0731,","-0.6","0,1011","-2.2","0,1027","-8.9","0,1030","-8.9","0,1030","-8.9","0,1030","-2.2","0,0416","-2.2","0,0416","-7.2","0,0314","-7.2","0,0314","-10.0","0,0226","2539.8","","2539.8","0","723.3",",0","419",",0","13.91","0","20.82","0","6.99","0"
"USC00349404","1994","36.5758","-98.8797","459.6","WAYNOKA, OK US","1097.5","","1097.5","0","59","0","37","0","","","","","1","0","103","0","7","0","208","0","93","0","-20.0","0,0131,","","","","","61.7",",0,1120,","42.2","0,0826,+","-0.6","0,1009","-2.2","0,1110","-5.6","0,1116","-7.2","0,1128","-8.9","0,1225","0.0","0,0501","-4.4","0,0406","-4.4","0,0406","-6.7","0,0227","-10.6","0,0226","2354.1","","2354.1","0","565.1",",0","","","15.21","0","22.89","0","7.52","0"
"USC00349404","1995","36.5758","-98.8797","459.6","WAYNOKA, OK US","861.9","","861.9","0","71","0","49","0","","","9","0","0","0","96","0","10","0","219","0","76","0","-15.6","0,0308,","","","127",",0,1219,","72.6",",0,0609,","41.7","0,0711,","-1.1","0,1021","-5.6","0,1024","-5.6","0,1024","-7.8","0,1104","-8.9","0,1111","0.0","0,0427","-2.8","0,0411","-5.6","0,0309","-15.6","0,0308","-15.6","0,0308","2151.1","","2151.1","0","730.8",",0","532",",0","14.60","0","22.15","0","7.05","0"
"USC00349404","1996","36.5758","-98.8797","459.6","WAYNOKA, OK US","1075.4","","1075.4","0","59","0","40","0","3","","2","0","3","0","105","0","13","0","222","0","82","0","-23.9","0,0204,","102",",0,1201,","102",",0,1201,","54.9",",0,0926,","43.9","0,0706,+","-0.6","0,1102","-2.8","0,1111","-5.0","0,1124","-7.2","0,1125","-12.2","0,1201","-1.7","0,0430","-2.2","0,0423","-6.1","0,0406","-11.1","0,0326","-11.1","0,0326","2273.2","","2273.2","0","740.9",",0","140",",0","14.94","0","22.67","0","7.21","0"
"USC00349404","1997","36.5758","-98.8797","459.6","WAYNOKA, OK US","878.2","","878.2","0","","","","","","","5","0","1","0","119","0","7","0","194","0","79","0","-17.8","0,0128,","","","127",",0,1224,+","","","41.1","0,0701,","0.0","0,1022","-7.8","0,1027","-7.8","0,1027","-7.8","0,1027","-11.1","0,1115","-2.2","0,0414","-2.2","0,0414","-4.4","0,0413","-6.7","0,0321","-17.8","0,0128","2237.4","","2237.4","0","","","427",",0","14.37","0","21.80","0","6.95","0"
"USC00349404","1998","36.5758","-98.8797","459.6","WAYNOKA, OK US","","","","","","","","","","","2","0","","","","","","","","","","","","","","","114",",0,0318,","","","","","","","","","","","","","","","","","","","","","","","","","","","","","647.0",",0","139",",0","","","","","",""
"USC00349404","1999","36.5758","-98.8797","459.6","WAYNOKA, OK US","","","","","","","","","","","0","0","","","","","","","","","","","","","","","0",",0,1231,+","","","","","","","","","","","","","","","","","","","","","","","","","","","","","","","0",",0","","","","","",""
"USC00349404","2000","36.5758","-98.8797","459.6","WAYNOKA, OK US","","","","","","","","","","","4","0","","","","","","","","","","","","","","","76",",0,0127,","","","","","","","","","","","","","","","","","","","","","","","","","","","","","","","203",",0","","","","","",""
"USC00349404","2002","36.5758","-98.8797","459.6","WAYNOKA, OK US","1038.9","","1038.9","0","87","0","48","0","","","","","1","0","111","0","7","0","194","0","85","0","-17.8","0,0302,","","","","","118.6",",0,1002,","40.6","0,0726,+","-1.7","0,1103","-2.2","0,1115","-7.2","0,1124","-7.2","0,1124","-10.6","0,1126","0.0","0,0404","-2.2","0,0403","-6.1","0,0326","-7.2","0,0325","-16.1","0,0303","2106.7","","2106.7","0","745.2",",0","","","14.55","0","21.76","0","7.33","0"
"USC00349404","2003","36.5758","-98.8797","459.6","WAYNOKA, OK US","990.8","","990.8","0","61","0","37","0","","","5","0","1","0","106","0","13","0","208","0","75","0","-18.9","0,0224,","","","102",",0,1210,+","41.7",",0,0615,","41.7","0,0720,","-0.6","0,1026","-3.9","0,1107","-6.1","0,1123","-10.0","0,1124","-10.0","0,1124","-3.9","0,0409","-3.9","0,0409","-4.4","0,0408","-6.7","0,0309","-9.4","0,0306","2494.2","","2494.2","0","502.7",",0","410",",0","14.57","0","21.88","0","7.25","0"
"USC00349404","2004","36.5758","-98.8797","459.6","WAYNOKA, OK US","945.3","","945.3","0","76","0","55","0","","","4","0","0","0","90","0","12","0","209","0","70","0","-17.2","0,1224,+","","","127",",0,0205,","61.0",",0,0620,","40.0","0,0804,+","-2.8","0,1104","-2.8","0,1104","-5.6","0,1130","-7.8","0,1201","-8.9","0,1214","-1.7","0,0414","-2.2","0,0302","-7.2","0,0227","-7.2","0,0227","-9.4","0,0214","2247.6","","2247.6","0","869.4",",0","215",",0","14.92","0","21.79","0","8.05","0"
"USC00349404","2005","36.5758","-98.8797","459.6","WAYNOKA, OK US","1105.8","","1105.8","0","64","0","40","0","3","","0","0","2","0","93","0","10","0","208","0","92","0","-18.3","0,1209,+","152",",0,0129,","0","T,0,1208,+","148.1",",0,0611,","39.4","0,0724,+","-1.7","0,1024","-6.7","0,1116","-6.7","0,1116","-6.7","0,1116","-12.8","0,1205","0.0","0,0430","-2.8","0,0302","-4.4","0,0211","-7.2","0,0209","-10.0","0,0123","2095.6","","2095.6","0","834.6",",0","0","T,0","15.47","0","22.63","0","8.30","0"
"USC00349404","2006","36.5758","-98.8797","459.6","WAYNOKA, OK US","1212.7","","1212.7","0","57","0","37","0","6","","3","0","0","0","98","0","6","0","218","0","98","0","-16.1","0,1201,","152",",0,1201,","152",",0,1201,","87.6",",0,0623,","42.2","0,0721,+","-0.6","0,1022","-7.2","0,1102","-7.2","0,1102","-7.2","0,1102","-16.1","0,1201","0.0","0,0328","-3.3","0,0325","-5.6","0,0324","-7.2","0,0226","-13.9","0,0219","1920.7","","1920.7","0","662.4",",0","228",",0","16.13","0","23.93","0","8.33","0"
"USC00349404","2007","36.5758","-98.8797","459.6","WAYNOKA, OK US","959.9","","959.9","0","78","0","50","0","","","6","0","1","0","105","0","22","0","215","0","68","0","-18.3","0,0216,","","","127",",0,1223,","94.7",",0,0615,","40.0","0,0815,","-0.6","0,1026","-3.3","0,1106","-7.8","0,1122","-7.8","0,1122","-9.4","0,1123","-0.6","0,0416","-2.8","0,0409","-5.0","0,0305","-6.7","0,0304","-9.4","0,0218","2141.7","","2141.7","0","975.0",",0","401",",0","14.82","0","21.57","0","8.07","0"
"USC00349404","2008","36.5758","-98.8797","459.6","WAYNOKA, OK US","","","","","","","","","","","","","","","","","","","","","","","","","","","","","","","","","","","","","","","","","","","","","","","","","","","","","2155.9","","2155.9","0","","","","","","","","","",""
"USC00349404","2009","36.5758","-98.8797","459.6","WAYNOKA, OK US","1011.3","","1011.3","0","72","0","38","0","3","","1","0","0","0","105","0","10","0","197","0","71","0","-17.2","0,0128,","381",",0,0328,","432",",0,0328,","61.0",",0,0819,","45.6","0,0711,","0.0","0,1011","-2.8","0,1118","-4.4","0,1127","-7.8","0,1203","-11.7","0,1204","-7.2","0,0408","-7.2","0,0408","-7.2","0,0408","-7.2","0,0408","-10.0","0,0301","","","","","583.1",",0","464",",0","14.49","0","21.75","0","7.22","0"
"USC00349404","2010","36.5758","-98.8797","459.6","WAYNOKA, OK US","1186.9","","1186.9","0","54","0","41","0","8","","4","0","1","0","106","0","14","0","201","0","97","0","-17.8","0,0109,","51",",0,0204,+","51",",0,0204,+","101.6",",0,0704,","41.7","0,0803,","-1.7","0,1105","-3.9","0,1118","-8.9","0,1126","-8.9","0,1126","-8.9","0,1126","0.0","0,0409","-6.7","0,0323","-6.7","0,0323","-6.7","0,0323","-9.4","0,0224","2515.9","","2515.9","0","861.4",",0","168",",0","14.85","0","21.81","0","7.89","0"
"USC00349404","2011","36.5758","-98.8797","459.6","WAYNOKA, OK US","1292.4","","1292.4","K","55","K","36","K","","","","","5","K","114","K","16","K","200","K","107","K","-29.4","K,0210,","","","","","36.8",",K,1009,","43.3","K,0803,+","0.0","K,1020","-5.6","K,1104","-5.6","K,1104","-7.2","K,1117","-9.4","K,1206","-0.6","K,0325","-5.0","K,0306","-5.0","K,0306","-6.7","K,0213","-15.0","K,0212","2440.0","","2440.0","K","505.9",",K","","","14.78","K","22.49","K","7.06","K"
"USC00349404","2012","36.5758","-98.8797","459.6","WAYNOKA, OK US","1213.4","","1213.4","7","56","7","38","7","","","","","0","7","107","7","9","7","222","7","109","7","-13.3","7,1227,+","","","","","58.4",",7,0710,","45.0","7,0802,","-2.2","7,1007","-2.2","7,1007","-5.6","7,1027","-6.7","7,1112","-11.1","7,1210","-2.2","7,0311","-2.2","7,0311","-5.6","7,0226","-6.7","7,0216","-9.4","7,0213","2288.3","","2288.3","7","495.1",",7","","","15.64","7","23.46","7","7.82","7"
"USC00349404","2013","36.5758","-98.8797","459.6","WAYNOKA, OK US","","","","","70","7","46","7","","","","","","","","","","","","","","","","","","","","","90.9",",7,0730,","","","","","","","","","","","","","","","","","","","","","","","","","","","805.2",",7","","","","","","","",""
"USC00349404","2014","36.5758","-98.8797","459.6","WAYNOKA, OK US","","","","","62","7","43","7","","","","","","","","","","","","","","","","","","","","","77.5",",7,0607,","","","","","","","","","","","","","","","","","","","","","","","","","","","550.6",",7","","","","","","","",""
"USC00349404","2015","36.5758","-98.8797","459.6","WAYNOKA, OK US","1071.7","","1071.7","7","82","7","54","7","","","","","0","7","99","7","16","7","218","7","84","7","-13.3","7,0108,","","","","","101.6",",7,0707,","40.0","7,0908,","-0.6","7,1025","-2.8","7,1113","-4.4","7,1122","-8.9","7,1218","-8.9","7,1218","-1.7","7,0405","-2.8","7,0404","-10.0","7,0306","-10.0","7,0306","-10.0","7,0306","2310.1","","2310.1","7","945.5",",7","","","15.34","7","22.44","7","8.24","7"
"USC00349404","2016","36.5758","-98.8797","459.6","WAYNOKA, OK US","1157.2","","1157.2","7","74","7","45","7","","","","","2","7","103","7","6","7","227","7","94","7","-22.8","7,1219,","","","","","71.1",",7,0925,","40.6","7,0723,+","-0.6","7,1112","-6.1","7,1119","-6.1","7,1119","-10.6","7,1208","-10.6","7,1208","0.0","7,0403","-2.8","7,0326","-5.6","7,0321","-7.8","7,0205","-9.4","7,0121","1938.7","","1938.7","7","621.0",",7","","","16.07","7","23.62","7","8.51","7"
"USC00349404","2017","36.5758","-98.8797","459.6","WAYNOKA, OK US","1021.2","","1021.2","7","79","7","42","7","","","","","1","7","93","7","8","7","228","7","73","7","-18.3","7,0107,","","","","","64.8",",7,0704,","41.7","7,0723,","-5.0","7,1028","-5.0","7,1028","-5.0","7,1028","-10.0","7,1207","-10.0","7,1207","-3.9","7,0316","-3.9","7,0316","-5.0","7,0315","-8.9","7,0226","-8.9","7,0226","1938.7","","1938.7","7","754.4",",7","","","15.65","7","23.18","7","8.12","7"
